# Series
Mensa Select: 14 69 74 258 339 350 386 432 437 463 526 528 559 624 681 770 929 948 1099 1111 1190 1198 1200 1353 1419 1422 1464 1484 1804 1962 1985 1986 2346 2381 2453 2655 2730 2750 2823 2842 2872 2952 3062 3190 3313 3404 3837 3924 4434 4643 4980 5120 5281 5298 5477 5709 6345 6411 6491 6678 6822 6830 7834 7854 7865 7866 8190 9092 9674 11557 13308 13621 14679 16944 16991 17079 17136 19565 19575 19841 20100 20829 23730 24151 24518 25669 27608 27830 28050 28742 29223 31887 34373 35548 35665 36218 38429 40478 40990 41123 42336 47218 65244 66643 66888 67877 69776 84783 88140 91620 93185 108831 112840 113289 119632 123260 131933 132251 136063
Spiel des Jahre: 361 811 789 938 438 539 2511 382 110 550 214 120 19 442 45 199 13 93 256 10 54 88 822 2596 6249 9209 13308 21790 27588 34585 36218 39856 25669 107529 98778 153938 158899 178900 204583
Kennerspiel des Jahre: 68448 104006 127398 148949 172308 176494 203416 203417 203420
Alea Big Box: 12 47 475 555 120 1345 3076 5767 9342 19948 25554 31594 55670 84876   127060
Alea Medium Box: 13642 15318 21892 34084 40760 66362 92643   117959 117960
# Beowulf suggested these
Deutscher Spiele Preis: 120 437 305 118 432 13 93 66 42 54 475 822 3076 5404 9217 13642 18602 24480 31260 36218 66188 68448 104006 120677 171623 172386
Deutscher Spiele Preis Kinderspiel: 10511 7973 5136 485 10509 327 5953 9597 10508 3570 4493 499 1702 4522 8195 12346 16369 23890 27948 33643 41916 59223 171129
Kosmos 2 Player: 50 12002 9446 4396 5716 394 986 638 132 201 1545 4529 7804 3318 3321 376 908 403 22245 2338 278 3201 509 1426 4610 7972 22268 6187  66056 118048 30367 66171 22484 40831 34969 27802 136056 22268 28102 25470 22305 35568
#18xx including expansions - by Jeroen Doumen
18xx: 421 422 423 424 816 937 1208 1313 1447 1493 1823 2396 2583 2612 3097 3129 3130 4613 5684 6937 7218 7823 7935 9132 11283 11284 12123 12126 12750 13924 15999 16000 16467 17014 17132 17248 17398 17399 17400 17405 17466 17467 17468 17469 17470 17471 17654 17857 17939 18485 20646 20915 21182 21436 22145 22166 22600 23407 23408 23421 23540 23817 23818 24862 25344 26806 27027 27046 28944 29278 30771 30809 30810 31013 31619 31722 32424 33716 34360 37081 38220 38221 38222 38259 38260 38297 38298 38304 38311 38312 38313 38335 38336 38966 38986 39382 42040 42660 42664 42665 42748 42757 43845 51629 56839 56840 56841 59644 59645 63018 63170 64570 66837 69601 72063 72213 75587 76417 82272 83368 87184 87907 94856 96026 96065 97473 98736 108585 109151 109152 111775 112814 114139 114386 116046 123137 127229 131658 132456 142335 154473 156604 158589 160348 161886 162067 162677 163841 165740 172437 173456 173574 180204 182428 183212 183308 184524 186978 193867 196217 202264 202286 202617 212735 219717 223404 227143 228373

# Series suggested by Steven Sheasby
# International Gamers Award - All Three
International Gamers Award Multi-Player Category: 54 555 1041 3076 4098 9217 14996 18602 25613 31260 35677 65901
International Gamers Award Two-Player Category: 50 551 2346 3201 9609 10630 12333 21763 27708 35935 46255
International Gamers Award Historical Simulations: 91 1822 3411 3685 6542 7480 12333 18748 19622 20609

# Official Days of Wonder Ticket to Ride games and expansions only
Ticket to Ride: 9209 13297 14996 21348 24439 30746 31627 34127 38454 53383 89848 160069 106637 106645 131188 147938 182078

# Richard Breese's Key Series
Key-Games Series: 294 767 768 4099 14285 29839 78733   140936 122515 144058 141816 147380

# expansion extra-special metadata
basegame 27588
basegame 34194
basegame 40834
basegame 85897
basegame 32674
basegame 18881
basegame 30474